3.769647E-03
4.532416E-03
5.446553E-03
6.538868E-03
7.839699E-03
9.382967E-03
1.120608E-02
1.334965E-02
1.585690E-02
1.877286E-02
2.214302E-02
2.601285E-02
3.043036E-02
3.544325E-02
4.109640E-02
4.742986E-02
5.447394E-02
6.223612E-02
7.070048E-02
7.982513E-02
8.953803E-02
9.974848E-02
1.104019E-01
1.214566E-01
1.328741E-01
1.446214E-01
1.566468E-01
1.687901E-01
1.808328E-01
1.925216E-01
2.035729E-01
2.137531E-01
2.231348E-01
2.319245E-01
2.403892E-01
2.488523E-01
2.575896E-01
2.664991E-01
2.753532E-01
2.838921E-01
2.918246E-01
2.989200E-01
3.052993E-01
3.112031E-01
3.169047E-01
3.227087E-01
3.288194E-01
3.349242E-01
3.405452E-01
3.451688E-01
3.482554E-01
3.494153E-01
3.489075E-01
3.471746E-01
3.446705E-01
3.418483E-01
3.390240E-01
3.359926E-01
3.324276E-01
3.280157E-01
3.224637E-01
3.156225E-01
3.078201E-01
2.994771E-01
2.909776E-01
2.826646E-01
2.747962E-01
2.674312E-01
2.605847E-01
2.542749E-01
2.485254E-01
2.433039E-01
2.383414E-01
2.333253E-01
2.279619E-01
2.219781E-01
2.151735E-01
2.075619E-01
1.992183E-01
1.902290E-01
1.806905E-01
1.707154E-01
1.604471E-01
1.500244E-01
1.395705E-01
1.291920E-01
1.189859E-01
1.090615E-01
9.951424E-02
9.041850E-02
8.182895E-02
7.376817E-02
6.619477E-02
5.906380E-02
5.234242E-02
4.600865E-02
4.006154E-02
3.454373E-02
2.949091E-02
2.492140E-02
2.083981E-02
1.723591E-02
1.407924E-02
1.134516E-02
9.019658E-03
7.097731E-03
5.571145E-03
4.394566E-03
3.516303E-03
2.887638E-03
2.461588E-03
2.206348E-03
2.149559E-03
2.337091E-03
2.818931E-03
3.649178E-03
4.891359E-03
6.629364E-03
8.942902E-03
1.190224E-02
1.556989E-02
1.997668E-02
2.504698E-02
3.067530E-02
3.674999E-02
4.315171E-02
4.978584E-02
5.668554E-02
6.391651E-02
7.154352E-02
7.962917E-02
8.821473E-02
9.726978E-02
1.067504E-01
1.166192E-01
1.268468E-01
1.374060E-01
1.482471E-01
1.593076E-01
1.705181E-01
1.818026E-01
1.931090E-01
2.045085E-01
2.161166E-01
2.280650E-01
2.405015E-01
2.535441E-01
2.671300E-01
2.811351E-01
2.954164E-01
3.098117E-01
3.241678E-01
3.384319E-01
3.525786E-01
3.665839E-01
3.804244E-01
3.940988E-01
4.076972E-01
4.213484E-01
4.352003E-01
4.494206E-01
4.641616E-01
4.794395E-01
4.952180E-01
5.114395E-01
5.280233E-01
5.448696E-01
5.618898E-01
5.790137E-01
5.961882E-01
6.133784E-01
6.305897E-01
6.479223E-01
6.654866E-01
6.833782E-01
7.016774E-01
7.204110E-01
7.394495E-01
7.586285E-01
7.777885E-01
7.967750E-01
8.154530E-01
8.337389E-01
8.515493E-01
8.687862E-01
8.853376E-01
9.011588E-01
9.165278E-01
9.318245E-01
9.474524E-01
9.638388E-01
9.812596E-01
9.992953E-01
1.017343E+00
1.034790E+00
1.051011E+00
1.065522E+00
1.078421E+00
1.089944E+00
1.100320E+00
1.109767E+00
1.118438E+00
1.126266E+00
1.133138E+00
1.138952E+00
1.143620E+00
1.147095E+00
1.149464E+00
1.150838E+00
1.151326E+00
1.151033E+00
1.150002E+00
1.148061E+00
1.144998E+00
1.140622E+00
1.134757E+00
1.127298E+00
1.118342E+00
1.108033E+00
1.096515E+00
1.083928E+00
1.070387E+00
1.055934E+00
1.040592E+00
1.024385E+00
1.007344E+00
9.895268E-01
9.711213E-01
9.523257E-01
9.333248E-01
9.142877E-01
8.952798E-01
8.760157E-01
8.561607E-01
8.354235E-01
8.135565E-01
7.904565E-01
7.664364E-01
7.418777E-01
7.171219E-01
6.924717E-01
6.681600E-01
6.442697E-01
6.208450E-01
5.979243E-01
5.755410E-01
5.537296E-01
5.325412E-01
5.120218E-01
4.922070E-01
4.731224E-01
4.547417E-01
4.368719E-01
4.193121E-01
4.018980E-01
3.844986E-01
3.670592E-01
3.497167E-01
3.326305E-01
3.159341E-01
2.997374E-01
2.841189E-01
2.691053E-01
2.547077E-01
2.409319E-01
2.277792E-01
2.152431E-01
2.033010E-01
1.919276E-01
1.810987E-01
1.707914E-01
1.609842E-01
1.516577E-01
1.427936E-01
1.343737E-01
1.263808E-01
1.187979E-01
1.116088E-01
1.047975E-01
9.834835E-02
9.224597E-02
8.647506E-02
8.101986E-02
7.586514E-02
7.099633E-02
6.639960E-02
6.206225E-02
5.797409E-02
5.412533E-02
5.050600E-02
4.710606E-02
4.391411E-02
4.091411E-02
3.809067E-02
3.543034E-02
3.292138E-02
3.055672E-02
2.834146E-02
2.628033E-02
2.437465E-02
2.262306E-02
2.101935E-02
1.954647E-02
1.818727E-02
1.692727E-02
1.575417E-02
1.465854E-02
1.363571E-02
1.268205E-02
1.179394E-02
1.096778E-02
1.019964E-02
9.484317E-03
8.816851E-03
8.192921E-03
7.608750E-03
7.061391E-03
6.549509E-03
6.071970E-03
5.627476E-03
5.214608E-03
4.831848E-03
4.477579E-03
4.150166E-03
3.847988E-03
3.569452E-03
3.312857E-03
3.076022E-03
2.856894E-03
2.653681E-03
2.464821E-03
2.289060E-03
2.125694E-03
1.974121E-03
1.833723E-03
1.703876E-03
1.583904E-03
1.472939E-03
1.370151E-03
1.274803E-03
1.186238E-03
1.103871E-03
1.027194E-03
9.557493E-04
8.891262E-04
8.269535E-04
7.689351E-04
7.149425E-04
6.648590E-04
6.185421E-04
5.758303E-04
5.365046E-04
5.001842E-04
4.665005E-04
4.351386E-04
4.058303E-04
3.783733E-04
3.526892E-04
3.287199E-04
3.063998E-04
2.856577E-04
