4.146161E-04
5.028333E-04
6.084991E-04
7.344436E-04
8.837389E-04
1.059646E-03
1.265532E-03
1.504753E-03
1.780493E-03
2.095572E-03
2.452194E-03
2.852216E-03
3.299115E-03
3.797466E-03
4.352768E-03
4.971717E-03
5.661014E-03
6.421615E-03
7.250312E-03
8.140173E-03
9.079860E-03
1.005608E-02
1.106456E-02
1.210522E-02
1.318014E-02
1.429377E-02
1.545004E-02
1.664093E-02
1.785302E-02
1.907018E-02
2.027369E-02
2.144805E-02
2.260041E-02
2.374789E-02
2.491247E-02
2.612106E-02
2.739923E-02
2.874993E-02
3.016909E-02
3.165145E-02
3.319038E-02
3.477912E-02
3.641495E-02
3.809569E-02
3.981843E-02
4.157940E-02
4.337098E-02
4.517180E-02
4.695420E-02
4.868718E-02
5.033657E-02
5.187611E-02
5.332218E-02
5.470603E-02
5.606335E-02
5.743393E-02
5.885107E-02
6.030809E-02
6.178644E-02
6.326570E-02
6.472352E-02
6.614749E-02
6.757256E-02
6.904928E-02
7.063280E-02
7.238339E-02
7.435960E-02
7.659383E-02
7.911436E-02
8.195345E-02
8.514816E-02
8.872657E-02
9.266008E-02
9.689723E-02
1.013746E-01
1.060145E-01
1.107377E-01
1.155111E-01
1.203122E-01
1.251161E-01
1.298957E-01
1.346299E-01
1.393309E-01
1.440235E-01
1.487372E-01
1.535066E-01
1.583644E-01
1.633199E-01
1.683761E-01
1.735365E-01
1.788048E-01
1.841819E-01
1.896559E-01
1.952101E-01
2.008259E-01
2.064828E-01
2.121826E-01
2.180279E-01
2.241586E-01
2.307302E-01
2.379160E-01
2.458706E-01
2.546023E-01
2.640760E-01
2.742490E-01
2.850680E-01
2.964837E-01
3.085010E-01
3.211393E-01
3.344175E-01
3.483536E-01
3.629601E-01
3.782275E-01
3.941359E-01
4.106582E-01
4.277595E-01
4.453993E-01
4.635396E-01
4.821376E-01
5.011430E-01
5.204972E-01
5.401387E-01
5.600208E-01
5.800972E-01
6.003172E-01
6.206256E-01
6.409398E-01
6.610772E-01
6.808134E-01
6.999044E-01
7.180890E-01
7.351593E-01
7.511821E-01
7.663143E-01
7.807352E-01
7.946448E-01
8.082074E-01
8.213817E-01
8.340701E-01
8.461711E-01
8.575799E-01
8.682408E-01
8.783061E-01
8.879907E-01
8.975211E-01
9.071347E-01
9.169947E-01
9.269295E-01
9.366731E-01
9.459482E-01
9.544675E-01
9.619834E-01
9.684390E-01
9.738289E-01
9.781519E-01
9.814106E-01
9.836669E-01
9.852081E-01
9.863813E-01
9.875357E-01
9.890228E-01
9.910811E-01
9.934913E-01
9.959172E-01
9.980205E-01
9.994608E-01
9.999930E-01
9.997557E-01
9.989839E-01
9.979123E-01
9.967737E-01
9.957356E-01
9.947115E-01
9.935534E-01
9.921156E-01
9.902549E-01
9.878596E-01
9.849324E-01
9.815036E-01
9.776035E-01
9.732611E-01
9.684764E-01
9.631369E-01
9.571062E-01
9.502540E-01
9.424569E-01
9.336897E-01
9.242893E-01
9.146707E-01
9.052333E-01
8.963613E-01
8.883069E-01
8.808462E-01
8.736445E-01
8.663755E-01
8.587203E-01
8.504295E-01
8.415047E-01
8.320109E-01
8.220154E-01
8.115868E-01
8.007874E-01
7.896515E-01
7.782053E-01
7.664733E-01
7.544785E-01
7.422473E-01
7.298229E-01
7.172525E-01
7.045818E-01
6.918553E-01
6.791009E-01
6.662846E-01
6.533595E-01
6.402807E-01
6.270066E-01
6.135148E-01
5.998494E-01
5.860682E-01
5.722261E-01
5.583746E-01
5.445535E-01
5.307673E-01
5.170130E-01
5.032889E-01
4.895950E-01
4.759442E-01
4.623958E-01
4.490154E-01
4.358622E-01
4.229897E-01
4.104152E-01
3.980356E-01
3.857300E-01
3.733907E-01
3.609245E-01
3.482860E-01
3.355702E-01
3.228963E-01
3.103704E-01
2.980865E-01
2.861160E-01
2.744822E-01
2.631953E-01
2.522628E-01
2.416902E-01
2.314809E-01
2.216378E-01
2.121622E-01
2.030542E-01
1.943124E-01
1.859227E-01
1.778274E-01
1.699654E-01
1.622841E-01
1.547397E-01
1.473081E-01
1.400169E-01
1.329013E-01
1.259913E-01
1.193120E-01
1.128820E-01
1.067113E-01
1.008052E-01
9.516653E-02
8.979594E-02
8.469044E-02
7.984009E-02
7.523372E-02
7.086061E-02
6.671045E-02
6.277360E-02
5.904179E-02
5.550703E-02
5.216139E-02
4.899699E-02
4.600578E-02
4.317885E-02
4.050755E-02
3.798376E-02
3.559982E-02
3.334856E-02
3.122332E-02
2.921780E-02
2.732601E-02
2.554223E-02
2.386121E-02
2.227859E-02
2.079020E-02
1.939185E-02
1.807939E-02
1.684817E-02
1.569188E-02
1.460446E-02
1.358062E-02
1.261573E-02
1.170696E-02
1.085608E-02
1.006476E-02
9.333376E-03
8.661284E-03
8.046048E-03
7.481130E-03
6.959987E-03
6.477070E-03
6.027677E-03
5.608169E-03
5.216691E-03
4.851785E-03
4.512008E-03
4.195941E-03
3.902057E-03
3.628371E-03
3.373005E-03
3.134315E-03
2.910864E-03
2.701528E-03
2.505796E-03
2.323231E-03
2.153333E-03
1.995557E-03
1.849316E-03
1.713976E-03
1.588899E-03
1.473453E-03
1.367022E-03
1.268954E-03
1.178421E-03
1.094644E-03
1.016943E-03
9.447269E-04
8.775171E-04
8.150438E-04
7.570755E-04
7.033755E-04
6.537050E-04
6.078048E-04
5.653435E-04
5.260046E-04
4.895061E-04
4.555970E-04
4.240548E-04
3.946860E-04
3.673178E-04
3.417941E-04
3.179738E-04
2.957441E-04
2.750558E-04
2.558640E-04
2.381142E-04
2.217445E-04
2.066711E-04
1.927474E-04
1.798315E-04
1.678023E-04
1.565566E-04
1.460168E-04
1.361535E-04
1.269451E-04
1.183671E-04
1.103928E-04
