1.847260E-02
2.221101E-02
2.669819E-02
3.206937E-02
3.847832E-02
4.609784E-02
5.511953E-02
6.575257E-02
7.822113E-02
9.276013E-02
1.096090E-01
1.290077E-01
1.512047E-01
1.764441E-01
2.049517E-01
2.369246E-01
2.725123E-01
3.117820E-01
3.547064E-01
4.011473E-01
4.508369E-01
5.034164E-01
5.586361E-01
6.162734E-01
6.760982E-01
7.378822E-01
8.013019E-01
8.655573E-01
9.295791E-01
9.921293E-01
1.051821E+00
1.107509E+00
1.159527E+00
1.208869E+00
1.256834E+00
1.305008E+00
1.354758E+00
1.405594E+00
1.456414E+00
1.505960E+00
1.552826E+00
1.595902E+00
1.635768E+00
1.673573E+00
1.710604E+00
1.748280E+00
1.787504E+00
1.826609E+00
1.863108E+00
1.894332E+00
1.917479E+00
1.930529E+00
1.934819E+00
1.932650E+00
1.926395E+00
1.918437E+00
1.910430E+00
1.901224E+00
1.889000E+00
1.871996E+00
1.848545E+00
1.817792E+00
1.781627E+00
1.742514E+00
1.702749E+00
1.664439E+00
1.629207E+00
1.597360E+00
1.568896E+00
1.543823E+00
1.522157E+00
1.503611E+00
1.486673E+00
1.469595E+00
1.450709E+00
1.428440E+00
1.401587E+00
1.370094E+00
1.334220E+00
1.294275E+00
1.250610E+00
1.203696E+00
1.154316E+00
1.103284E+00
1.051347E+00
9.991789E-01
9.473958E-01
8.966222E-01
8.473981E-01
8.001576E-01
7.552379E-01
7.127879E-01
6.725198E-01
6.340976E-01
5.972433E-01
5.617313E-01
5.274921E-01
4.948809E-01
4.642586E-01
4.358841E-01
4.099313E-01
3.864261E-01
3.650566E-01
3.454812E-01
3.274095E-01
3.105939E-01
2.948102E-01
2.798194E-01
2.654100E-01
2.514084E-01
2.376753E-01
2.241211E-01
2.107484E-01
1.975839E-01
1.846574E-01
1.720018E-01
1.596918E-01
1.479415E-01
1.369428E-01
1.268279E-01
1.176796E-01
1.094970E-01
1.020943E-01
9.527993E-02
8.890075E-02
8.283548E-02
7.700982E-02
7.144001E-02
6.615436E-02
6.117199E-02
5.650407E-02
5.215121E-02
4.809566E-02
4.431720E-02
4.079734E-02
3.751912E-02
3.446846E-02
3.163764E-02
2.901901E-02
2.660364E-02
2.438164E-02
2.234097E-02
2.046415E-02
1.873456E-02
1.713788E-02
1.566174E-02
1.429644E-02
1.303702E-02
1.187897E-02
1.081725E-02
9.846470E-03
8.960687E-03
8.152811E-03
7.416025E-03
6.744115E-03
6.131421E-03
5.572778E-03
5.063463E-03
4.599169E-03
4.175971E-03
3.790291E-03
3.438952E-03
3.119341E-03
2.829038E-03
2.565722E-03
2.327186E-03
2.111280E-03
1.915766E-03
1.738589E-03
1.577920E-03
1.432128E-03
1.299781E-03
1.179667E-03
1.070694E-03
9.718623E-04
8.822531E-04
8.010231E-04
7.273884E-04
6.606347E-04
6.001146E-04
5.452416E-04
4.954847E-04
4.503642E-04
4.094455E-04
3.723345E-04
3.386739E-04
3.081396E-04
2.804370E-04
2.552996E-04
2.324859E-04
2.117772E-04
1.929758E-04
1.759024E-04
1.603947E-04
1.463059E-04
1.335031E-04
1.218660E-04
1.112857E-04
1.016634E-04
9.291003E-05
8.494468E-05
7.769425E-05
7.109247E-05
6.507936E-05
5.960061E-05
5.460706E-05
5.005417E-05
4.590157E-05
4.211268E-05
3.865437E-05
3.549661E-05
3.261220E-05
2.997643E-05
2.756693E-05
2.536339E-05
2.334738E-05
2.150221E-05
1.981268E-05
1.826500E-05
1.684667E-05
1.554631E-05
1.435360E-05
1.325915E-05
1.225443E-05
1.133169E-05
1.048387E-05
0.000000E+00
0.000000E+00
0.000000E+00
0.000000E+00
0.000000E+00
0.000000E+00
0.000000E+00
0.000000E+00
0.000000E+00
0.000000E+00
0.000000E+00
0.000000E+00
0.000000E+00
0.000000E+00
0.000000E+00
0.000000E+00
0.000000E+00
0.000000E+00
0.000000E+00
0.000000E+00
0.000000E+00
0.000000E+00
0.000000E+00
0.000000E+00
0.000000E+00
0.000000E+00
0.000000E+00
0.000000E+00
0.000000E+00
0.000000E+00
0.000000E+00
0.000000E+00
0.000000E+00
0.000000E+00
0.000000E+00
0.000000E+00
0.000000E+00
0.000000E+00
0.000000E+00
0.000000E+00
0.000000E+00
0.000000E+00
0.000000E+00
0.000000E+00
0.000000E+00
0.000000E+00
0.000000E+00
0.000000E+00
0.000000E+00
0.000000E+00
0.000000E+00
0.000000E+00
0.000000E+00
0.000000E+00
0.000000E+00
0.000000E+00
0.000000E+00
0.000000E+00
0.000000E+00
0.000000E+00
0.000000E+00
0.000000E+00
0.000000E+00
0.000000E+00
0.000000E+00
0.000000E+00
0.000000E+00
0.000000E+00
0.000000E+00
0.000000E+00
0.000000E+00
0.000000E+00
0.000000E+00
0.000000E+00
0.000000E+00
0.000000E+00
0.000000E+00
0.000000E+00
0.000000E+00
0.000000E+00
0.000000E+00
0.000000E+00
0.000000E+00
0.000000E+00
0.000000E+00
0.000000E+00
0.000000E+00
0.000000E+00
0.000000E+00
0.000000E+00
0.000000E+00
0.000000E+00
0.000000E+00
0.000000E+00
0.000000E+00
0.000000E+00
0.000000E+00
0.000000E+00
0.000000E+00
0.000000E+00
0.000000E+00
0.000000E+00
0.000000E+00
0.000000E+00
0.000000E+00
0.000000E+00
0.000000E+00
0.000000E+00
0.000000E+00
0.000000E+00
0.000000E+00
0.000000E+00
0.000000E+00
0.000000E+00
0.000000E+00
0.000000E+00
0.000000E+00
0.000000E+00
0.000000E+00
0.000000E+00
0.000000E+00
0.000000E+00
0.000000E+00
0.000000E+00
0.000000E+00
0.000000E+00
0.000000E+00
0.000000E+00
0.000000E+00
0.000000E+00
0.000000E+00
0.000000E+00
0.000000E+00
0.000000E+00
0.000000E+00
